1715530068856 0.7916666865348816 0
1715530073292 0.9074074029922485 1
1715530077739 0.8842592835426331 2
1715530082233 0.8935185074806213 3
1715530086760 0.9027777910232544 4
1715530091298 0.9629629850387573 5
1715530095798 0.9490740895271301 6
1715530100360 0.9444444179534912 7
1715530104954 0.9212962985038757 8
1715530109527 0.9490740895271301 9
1715530114068 0.9444444179534912 10
1715530118592 0.9675925970077515 11
1715530123092 0.9629629850387573 12
1715530127628 0.9768518805503845 13
1715530132149 0.9768518805503845 14
1715530136682 0.9814814925193787 15
1715530141260 0.9444444179534912 16
1715530145835 0.9537037014961243 17
1715530150517 0.9629629850387573 18
1715530155151 0.9768518805503845 19
1715530159758 0.9814814925193787 20
1715530164367 0.9629629850387573 21
1715530168958 0.9583333134651184 22
1715530173557 0.9583333134651184 23
1715530178163 0.9907407164573669 24
1715530182792 0.9398148059844971 25
1715530187388 0.9675925970077515 26
1715530192029 0.9768518805503845 27
1715530196654 0.9490740895271301 28
1715530201309 0.9814814925193787 29
1715530205956 0.9629629850387573 30
1715530210759 0.9814814925193787 31
1715530215402 0.9768518805503845 32
1715530220101 0.9537037014961243 33
1715530224776 0.9907407164573669 34
1715530229487 0.9768518805503845 35
1715530234144 0.9953703880310059 36
1715530238792 0.9768518805503845 37
1715530243455 0.9675925970077515 38
1715530248107 0.9814814925193787 39
1715530252754 1.0 40
1715530257652 0.9768518805503845 41
