1715530068856 1.1411409378051758 0
1715530073292 0.4328782558441162 1
1715530077739 0.38417133688926697 2
1715530082233 0.3277570307254791 3
1715530086760 0.2816010117530823 4
1715530091298 0.156342014670372 5
1715530095798 0.17420069873332977 6
1715530100360 0.2064633071422577 7
1715530104954 0.24466778337955475 8
1715530109527 0.2528294026851654 9
1715530114068 0.20567283034324646 10
1715530118592 0.17888189852237701 11
1715530123092 0.13656367361545563 12
1715530127628 0.1166715919971466 13
1715530132149 0.16468645632266998 14
1715530136682 0.08213463425636292 15
1715530141260 0.17954647541046143 16
1715530145835 0.14802692830562592 17
1715530150517 0.13062041997909546 18
1715530155151 0.08289823681116104 19
1715530159758 0.060361333191394806 20
1715530164367 0.09789253771305084 21
1715530168958 0.12910029292106628 22
1715530173557 0.13073837757110596 23
1715530178163 0.06358901411294937 24
1715530182792 0.18146686255931854 25
1715530187388 0.09961673617362976 26
1715530192029 0.08636078238487244 27
1715530196654 0.17548418045043945 28
1715530201309 0.05095624551177025 29
1715530205956 0.11630579084157944 30
1715530210759 0.06909294426441193 31
1715530215402 0.07377059012651443 32
1715530220101 0.14100371301174164 33
1715530224776 0.05728946253657341 34
1715530229487 0.08885086327791214 35
1715530234144 0.05772789195179939 36
1715530238792 0.08270172029733658 37
1715530243455 0.08689174801111221 38
1715530248107 0.10221505165100098 39
1715530252754 0.025046324357390404 40
1715530257652 0.08170457929372787 41
