1715540100303 0.2515518069267273 0
1715540104685 0.11709604412317276 1
1715540108908 0.1354113221168518 2
1715540113159 0.12801621854305267 3
1715540117562 0.0923352763056755 4
1715540122224 0.07033995538949966 5
1715540126767 0.0475897453725338 6
1715540131339 0.0749133974313736 7
1715540135855 0.028416214510798454 8
1715540140410 0.03013661503791809 9
1715540144832 0.014569243416190147 10
1715540149339 0.08100143074989319 11
1715540153711 0.033541131764650345 12
1715540158372 0.013640069402754307 13
1715540162935 0.01219772920012474 14
1715540167487 0.015180263668298721 15
1715540172239 0.003304074052721262 16
1715540176980 0.05213957652449608 17
1715540181472 0.004522270523011684 18
1715540185810 0.007767502684146166 19
1715540190449 0.003225182881578803 20
1715540195251 0.02019999735057354 21
1715540200123 0.0082972077652812 22
1715540204568 0.029035069048404694 23
1715540209063 0.020122194662690163 24
1715540213695 0.007992269471287727 25
1715540218159 0.013786260038614273 26
1715540222543 0.05317140743136406 27
1715540226843 0.039126988500356674 28
1715540231638 0.08600477129220963 29
