1715540100303 0.9545454382896423 0
1715540104685 0.9659090638160706 1
1715540108908 0.9431818127632141 2
1715540113159 0.9545454382896423 3
1715540117562 0.9659090638160706 4
1715540122224 0.9659090638160706 5
1715540126767 0.9886363744735718 6
1715540131339 0.9772727489471436 7
1715540135855 0.9886363744735718 8
1715540140410 0.9886363744735718 9
1715540144832 0.9886363744735718 10
1715540149339 0.9545454382896423 11
1715540153711 0.9886363744735718 12
1715540158372 1.0 13
1715540162935 1.0 14
1715540167487 1.0 15
1715540172239 1.0 16
1715540176980 0.9772727489471436 17
1715540181472 1.0 18
1715540185810 1.0 19
1715540190449 1.0 20
1715540195251 0.9886363744735718 21
1715540200123 1.0 22
1715540204568 0.9886363744735718 23
1715540209063 0.9886363744735718 24
1715540213695 1.0 25
1715540218159 0.9886363744735718 26
1715540222543 0.9772727489471436 27
1715540226843 0.9886363744735718 28
1715540231638 0.9545454382896423 29
